              precision    recall  f1-score   support

           0       0.93      0.95      0.94       974
           1       0.98      0.96      0.97      1511
           2       0.98      0.96      0.97      1023
           3       0.95      0.94      0.95      1005
           4       0.88      0.93      0.91       144
           5       0.97      0.97      0.97      2123
           6       0.98      0.99      0.98      3176
           7       0.87      0.95      0.91       920
           8       0.95      0.95      0.95      1921
           9       0.88      0.98      0.93       851
          10       0.94      0.90      0.92      1838
          11       0.90      0.95      0.92      1322
          12       0.98      0.96      0.97      1629
          13       0.92      0.97      0.95       357
          14       0.99      0.90      0.94      1844

    accuracy                           0.95     20638
   macro avg       0.94      0.95      0.94     20638
weighted avg       0.95      0.95      0.95     20638